/*--------------------------------*- C++ -*----------------------------------*\
| =========                 |                                                 |
| \\      /  F ield         | OpenFOAM: The Open Source CFD Toolbox           |
|  \\    /   O peration     | Version:  5.0                                   |
|   \\  /    A nd           | Web:      www.OpenFOAM.org                      |
|    \\/     M anipulation  |                                                 |
\*---------------------------------------------------------------------------*/
FoamFile
{
    version     2.0;
    format      ascii;
    class       labelList;
    note        "nPoints:5995  nCells:5796  nFaces:20310  nInternalFaces:8520";
    location    "constant/polyMesh";
    object      neighbour;
}
// * * * * * * * * * * * * * * * * * * * * * * * * * * * * * * * * * * * * * //


8520
(
5627
5638
5626
5685
5625
5684
5628
5732
5629
5733
5633
5721
5634
5722
9
5624
38
5630
5637
5657
5681
45
5632
5641
5693
5648
5662
36
5639
37
5640
5652
5686
5659
5687
5653
5735
5654
5736
5660
5690
5661
5691
5627
5695
5708
5719
5709
5720
5647
5699
5635
5734
5692
5697
5663
5698
5658
5706
5666
5711
5667
5710
5675
5725
5676
5726
5673
5763
5674
5764
5684
5685
5636
5669
5707
5642
5786
5643
5787
5637
5645
5656
5785
5631
5670
5670
5739
5748
5655
5657
5664
5752
5665
5753
5708
5721
5709
5722
5633
5650
5634
5651
5625
5682
5626
5683
5667
5715
5666
5716
5624
5668
5714
5741
5692
5694
5649
5740
5658
5713
5646
5776
5718
5749
5656
5688
5730
5745
5731
5746
5662
5742
5748
5770
5747
5776
5673
5690
5674
5691
5704
5792
5705
5793
5647
5707
5659
5727
5717
5749
5737
5761
5738
5762
5663
5741
5638
5648
5710
5761
5711
5762
5743
5788
5744
5789
5723
5735
5724
5736
5752
5763
5753
5764
5760
5770
5653
5745
5654
5746
5765
5790
5766
5791
5715
5756
5716
5757
5677
5788
5678
5789
5734
5768
5652
5681
5759
5784
5758
5795
5767
5794
5686
5696
5778
5795
5759
5783
5747
5777
5660
5792
5661
5793
5689
5772
5664
5754
5665
5755
5628
5675
5629
5676
5717
5773
5641
5695
5644
5693
5702
5719
5703
5720
5750
5786
5751
5787
5655
5712
5669
5785
5781
5783
5771
5794
5635
5769
5700
5737
5701
5738
5682
5732
5683
5733
5679
5779
5680
5780
5671
5728
5672
5729
5768
5782
5706
5714
5687
5718
5774
5790
5775
5791
5740
5772
5742
5769
5699
5713
5739
5773
5725
5730
5726
5731
5697
5743
5698
5744
5756
5779
5757
5780
157
745
5313
193
823
5558
159
2571
3636
225
1414
5102
175
382
4179
176
383
4180
158
452
1561
1919
3240
1002
2968
2297
3821
166
1537
4699
187
1045
2848
188
1046
2849
296
1693
3614
297
1694
3615
182
628
2550
3083
4946
425
3287
4367
173
1454
2266
443
1081
2277
192
215
2481
177
436
2686
217
2454
2595
2454
5338
195
2845
5440
2416
4818
2417
4819
1927
5402
191
1688
1854
183
410
3315
215
242
5561
196
427
5069
1533
4797
1612
5052
265
732
4425
333
3200
5591
372
403
5042
1761
4129
1762
4130
530
3713
4727
531
3714
4728
320
4445
1091
4548
1918
5314
507
3637
3826
1359
4689
829
2076
541
1392
3966
616
630
1006
617
629
1007
608
1315
1453
295
443
968
415
870
2757
735
965
982
995
1130
2367
996
1131
2368
1373
1403
1540
372
509
2441
1006
2285
3483
1007
2286
3484
254
3030
255
3031
581
4092
5174
388
1125
1623
389
1126
1622
733
271
1348
4693
987
4142
450
488
673
451
489
556
672
1572
1845
762
2099
2353
411
2758
2851
260
1354
2072
706
1203
1616
1156
3664
368
1610
5675
369
1611
5676
428
722
4981
416
586
3525
417
587
3526
559
857
1723
272
3281
401
4495
5584
421
434
2596
293
1469
2807
347
978
1491
348
979
1492
310
548
590
284
2287
2651
395
1337
4431
541
1534
4286
4434
5575
496
1742
1786
1010
1785
2387
712
1591
4746
673
1945
5568
303
4206
4732
251
3929
4945
1064
2610
3235
1065
2611
3236
402
2759
771
1027
1866
772
1028
1867
1418
3822
1419
3823
405
2333
2430
404
2334
2429
259
721
1399
502
2076
303
1827
532
1101
3832
752
1101
1748
751
863
2809
1336
2253
5368
269
3684
590
2050
2379
1058
1340
4466
490
1509
2535
766
1513
447
3018
3903
1346
4038
1723
4589
533
2000
2182
276
530
1388
277
531
1389
737
1030
738
1031
408
539
5585
438
1725
1985
439
1724
1986
282
1638
3309
770
1953
526
3372
3824
1617
2558
292
994
2729
924
2405
3154
773
3294
5512
549
1535
4965
985
1141
1260
986
1142
1261
625
1026
1907
1333
3015
2440
2609
631
1636
3848
1971
4460
2021
3270
2022
3271
420
2520
2554
304
974
4369
305
975
4370
599
2210
5023
510
906
2938
4759
1529
1805
1530
1806
433
1313
4756
487
1477
2549
455
1418
1891
456
1419
1892
1097
3344
885
1159
3850
696
1212
4000
697
1213
4001
445
1091
1587
595
608
5393
705
2419
4011
949
2294
3099
950
2295
3100
602
693
4792
391
1276
483
550
5246
484
551
5245
1277
2321
3747
1278
2322
3748
546
2859
5657
1024
3025
5144
600
840
5372
601
841
5373
756
1703
2431
757
2478
4160
847
1539
2586
770
2327
2541
2419
2572
346
552
3459
1383
2062
3189
1384
2061
3190
376
524
5157
377
525
5158
886
1764
2696
371
411
5450
518
664
3648
519
665
3649
357
1495
2691
498
536
1415
596
1585
3114
412
5662
1407
2796
1408
2797
606
1565
4895
781
1575
2544
1023
1658
2276
480
2597
3117
495
1367
3829
867
1020
4148
357
1486
3273
487
675
1202
2679
419
1107
2960
567
5296
5348
568
5297
5349
1170
2299
2760
632
1510
4979
1093
3181
4403
1094
3182
4404
638
3201
4390
639
3202
4391
742
1237
4170
511
537
512
538
410
644
670
453
2484
1412
446
774
5490
542
865
2832
543
866
2833
4238
5350
4239
5351
815
880
3353
661
1312
4398
505
899
1098
947
1338
2264
2703
2704
720
916
5236
578
831
1405
423
1293
3769
424
1294
3770
1900
3139
1899
3140
569
1944
5748
2852
3547
466
1861
5098
398
871
1561
627
1235
2750
973
2801
407
2338
4534
406
2339
4535
452
4187
1030
3440
3788
1031
3441
3789
1086
3185
2470
4209
1029
3417
2962
3791
2963
3790
2113
2217
2114
2218
3938
4206
655
941
1074
927
4168
633
1759
1012
2880
1013
2881
463
2316
1731
2552
1730
2553
900
1503
3522
1189
5256
763
3603
449
1379
1266
2678
5627
2269
2868
2270
2869
1654
2171
473
1276
1854
733
5392
1646
3451
769
3576
5572
815
1541
4058
468
1856
5550
654
2068
5032
662
1953
603
1223
760
1455
1911
688
834
776
793
5557
1212
1213
642
1823
643
1824
765
2635
3073
2561
910
1974
634
2802
1743
4850
849
4300
505
1733
5182
894
1728
3453
4900
3454
4901
2717
1235
1737
656
3494
5734
503
618
504
619
710
1988
2123
711
1987
2124
746
1248
3785
645
1462
3180
716
730
1876
717
731
1877
839
4441
832
1933
3783
767
2785
4248
1687
5359
683
2183
3050
539
1203
1192
2095
4223
769
905
1583
888
1176
3305
493
1421
2599
3161
4397
984
1979
2307
640
1172
2192
641
1171
2193
650
1569
2565
883
1991
3077
884
1992
3078
1342
4173
678
2132
4864
679
2133
4865
1813
4964
1814
4963
1148
1455
1677
922
2135
2899
1437
1039
1562
1038
1563
1203
2734
791
971
5198
792
970
5199
4082
5631
659
2932
4096
1620
5370
4533
5086
932
948
1127
3922
4060
644
1432
4433
914
1206
1825
913
1207
1826
1517
1804
1036
3056
1037
3057
1816
583
1590
5126
3284
5189
1063
1658
4356
922
1019
1396
4698
1003
2568
1004
2569
707
1363
3331
708
1364
3332
786
1360
3098
1008
1147
3978
869
4197
5053
914
5507
913
5508
628
3122
4659
999
1931
2129
1594
4111
4165
1595
4112
4166
4000
4783
4001
4784
1146
2479
749
1536
2376
828
3129
5431
607
3101
4804
2042
2043
572
4796
660
1462
1183
1277
1814
1184
1278
1813
1264
4414
919
1948
920
1949
1616
877
1448
2094
4515
647
5274
648
5275
1100
2459
4511
559
1249
2718
1265
2536
899
966
1115
1220
3386
2543
4551
1818
3112
1819
3111
1062
1441
670
1840
3241
611
3276
5141
701
4448
4531
626
1946
1061
1972
5455
1534
2214
564
1322
1747
2347
799
1779
4830
873
916
2010
691
839
2426
1366
2323
699
1342
4033
1287
1647
2011
896
5198
895
5199
2477
4608
1579
2832
4529
1580
2833
4530
808
2330
714
1040
1745
588
1406
1532
1180
1848
2179
1181
1849
2180
862
1586
4853
1104
1560
918
1884
5328
850
2535
4674
1102
5567
1223
1379
2278
3163
3658
593
1638
1787
650
1226
4413
2562
3005
2563
3006
685
2517
784
1163
3896
2745
1438
2772
4991
1439
2773
4992
761
5336
1000
1359
3067
4679
4726
2943
3538
621
704
1939
622
2747
4595
821
2745
1324
3123
1325
3124
1935
5317
1074
2957
1001
1404
2245
813
2879
4970
2522
3045
2182
3814
4694
806
840
1792
807
841
1793
1951
2861
701
1334
3260
726
1572
2475
758
1679
3578
759
1680
3579
1121
2918
1122
2919
1021
5346
1022
5347
972
2426
3618
1726
3841
761
5263
1210
1529
3215
1211
1530
3216
1481
2032
820
5159
2543
3973
2126
1125
4007
1126
4006
1838
4083
4355
5271
1055
2398
1391
5214
1262
1838
3419
959
1219
3250
994
1490
5388
3503
4536
3504
4537
1613
2752
1614
2751
2905
5080
2906
5081
3896
2342
4138
1709
2261
2579
3985
5602
3986
5603
868
2009
3778
758
852
1771
759
853
1772
768
2097
4962
2191
4062
1642
2956
2354
3103
714
1588
3534
755
1237
2191
788
4294
904
5559
4603
4626
814
952
959
1411
5211
702
2694
703
2695
1596
2348
5554
1597
2349
5555
927
1011
3241
747
2485
3389
3830
848
2433
3066
2742
3382
1336
1123
1303
3004
788
3461
1286
1973
5478
833
917
2828
3322
4437
3323
4438
873
5374
5571
812
1306
2808
1084
3786
4333
2453
4140
936
2855
3499
1209
1608
1250
2100
3873
1251
2101
3874
2431
4125
1264
1545
3418
980
3773
5367
1317
3859
957
1344
4803
1636
5330
1095
1596
2267
1096
1597
2268
2748
4783
2749
4784
935
1554
5585
1844
5232
870
1575
3102
4594
824
2713
825
2714
991
5315
3041
3319
2346
3724
1781
2514
1782
2515
1431
1765
4139
5066
5067
1466
5102
1300
1343
5549
1108
1457
1581
3808
3812
4426
3813
4427
785
1817
2535
1969
2459
3382
4468
2234
3734
3502
5415
796
1297
3689
797
1298
3690
1182
1209
1532
2385
2509
1952
2444
826
2505
4858
827
2506
4859
1386
2058
1387
2059
1494
3870
2480
967
1828
5096
2332
3818
1528
2887
4635
1318
2053
1319
2054
1138
1374
5341
1538
2726
5466
795
2546
2233
3142
1246
1574
4953
1083
1465
4035
1063
3188
2839
4990
1157
1722
981
2545
4689
1770
3719
1026
1681
2589
1738
2560
1528
3448
2078
2793
3507
2077
2794
3508
1228
5032
2950
5043
2801
4755
1546
1547
828
4097
997
3022
4565
873
876
790
809
5229
1084
5238
1241
3384
3736
3932
3282
5344
4493
887
1976
2223
1977
2224
2237
2789
1510
4812
1466
1847
4151
1644
2923
784
969
4829
872
1100
2255
1667
4648
5756
1666
4647
5757
1102
1471
1085
1923
2736
933
1906
4460
4433
1144
1509
2901
4122
1347
1517
2933
805
1040
1330
3004
1295
2725
891
3136
892
3137
3285
5499
1191
1624
5505
1281
2499
2319
2350
2320
2351
2046
2066
4637
1790
4608
1236
1413
3845
1692
1968
5114
1538
2028
2470
1602
2158
4564
964
1860
3085
1025
2530
1652
4084
1653
4085
1185
3865
2047
4736
878
1442
3414
879
1443
3413
3708
3759
5005
5225
951
4756
2266
1416
3427
1417
3428
848
1001
1588
843
1104
4791
1116
4722
1135
1225
1169
2071
4424
3239
5312
2137
2719
2138
2720
2896
3696
2897
3697
1344
1399
4601
901
2596
2957
2629
3163
3924
4904
1428
2108
953
1129
1143
1421
5390
939
3595
4997
1139
2367
3503
1140
2368
3504
893
2344
2345
1398
1603
2800
3312
5285
1152
1310
3913
1153
1311
3914
1842
2155
2494
2051
3574
3065
905
1198
1981
2602
1395
2943
3531
860
5582
861
5583
1049
4612
5649
1117
3346
4755
1317
1531
2588
2359
3977
1162
1656
3467
1005
1738
4201
1217
4986
1218
4987
1651
4768
3463
3683
1001
1256
1330
3529
3761
3530
3762
4462
5101
1572
2983
1186
3017
1471
1674
4734
1390
1518
2169
2830
1275
4087
4346
2984
5473
1454
3476
1068
5242
1069
5241
2096
4576
1168
1489
4678
1149
1395
3178
2497
3800
2498
3801
1581
2149
1801
4701
902
1313
1775
3704
1259
2405
5391
2255
2688
1152
4084
1153
4085
928
2952
1077
2491
970
4986
971
4987
2272
2309
2415
943
2331
3329
3866
1519
2879
1618
3829
1243
2070
1132
1161
4149
2819
5595
3989
2682
3275
2753
2948
2754
2949
1103
1128
4489
1727
4080
1904
2251
3959
1905
2252
3960
4821
4820
1263
2197
3573
3187
1480
3178
1928
2045
3143
3901
3144
3902
1714
1970
3754
2960
931
2513
4857
3025
5149
945
1174
1833
946
1175
1834
2641
1356
3848
955
1047
3808
1397
3188
4663
2601
4740
1890
3279
1936
4532
1393
1885
2108
2861
4392
1066
3138
1420
2216
2740
1469
1566
2215
2707
3568
1587
1691
4228
2092
2957
1050
1112
5285
3014
4600
1525
1651
2974
1043
4246
1044
4247
1240
3707
1057
1346
4027
4536
4028
4537
1362
3978
2677
3582
3566
4676
1564
2846
3355
4428
4669
1522
2468
5146
1047
1457
1405
1736
2166
1365
1310
2472
1311
2473
1470
2511
5635
1361
1936
2347
1151
1156
1840
2448
3404
4789
1789
4714
2264
3647
2698
3595
2055
2056
2799
3547
1306
3395
3667
4925
3668
4926
1841
2451
2597
1360
2566
5472
3532
4309
3533
4310
2955
3630
2810
3219
1507
3462
1111
2570
2877
3159
3987
2461
5054
2462
5055
4052
4222
1380
1717
5487
1075
2388
2766
1076
2389
2765
1592
5556
1484
1993
3196
1485
1994
3197
3849
2660
3553
2661
3554
2856
4408
1378
1908
5233
2764
3033
3738
4771
3054
5357
1267
3725
1268
3726
1575
4507
5039
5040
1930
3733
1173
2890
4824
3916
5159
1675
4150
1802
3479
1803
3480
1487
1774
4978
1488
1773
4977
1187
2532
3731
1188
2533
3732
1589
1721
3185
2944
4826
3442
5073
3208
3954
3209
3955
2254
4722
2253
4109
1202
3549
3626
3857
4031
3858
4032
2944
3371
2424
2425
1301
2161
2681
1302
2162
2680
2590
2712
1494
2986
4568
1458
3564
1459
3565
3358
5054
3357
5055
2487
1271
4052
4142
1158
2469
4695
1825
4306
1826
4307
1497
3705
1498
3706
3828
1288
1701
5211
2548
3306
2716
3160
1177
4883
5056
1178
4884
5057
1109
2089
3212
1110
2090
3213
1332
5648
1401
1755
4193
1656
2699
2858
3108
1766
2389
3846
1767
2388
3847
3559
4605
1470
2540
3763
1474
4301
1475
4302
1502
2228
1166
3055
4799
4132
5604
4133
5605
1369
1546
2748
1370
1547
2749
1113
1708
2891
1114
1707
2892
1162
1813
2634
1814
2633
1372
2596
1852
2048
2137
1853
2049
2138
1227
3528
4780
1335
2019
1197
3537
5424
3421
5143
2581
1528
2273
1710
4678
1279
1704
3819
1280
1705
3820
1958
3322
3390
1959
3323
3391
2480
1847
2819
3805
4505
5063
4506
5064
2656
4403
2657
4404
1146
1796
1615
5493
1165
1427
1604
5151
1923
2931
3316
3760
2433
1526
2259
3974
1527
2260
3975
2135
5155
1112
1410
1407
5194
1408
5195
1668
3594
3266
2392
4638
2391
4639
1523
5493
2254
2666
2808
5228
1891
2972
1892
2973
1561
3171
4290
1622
2902
1623
2903
1256
1983
2432
3396
3945
3079
3080
2145
2146
1508
4077
2686
3283
1734
1798
1735
1799
1982
3158
1552
2429
4867
1553
2430
4868
1402
2781
1542
2218
2381
1543
2217
2380
3200
5587
1916
3369
1917
3370
1563
3320
1562
3321
3838
3941
2012
3088
1195
1431
5250
1683
1582
5686
2142
3043
2987
4430
1307
1515
4252
1198
4513
1463
1464
1644
1914
4266
1750
2142
4491
3793
1696
3509
3563
4528
1376
4962
1645
4322
2186
1642
2012
2818
1820
2221
4150
1441
1759
2105
4250
1570
1686
2847
1710
2452
4578
4632
3756
4940
4851
4934
4852
4935
1252
4375
1761
4094
1762
4095
2491
4720
1798
4365
1799
4366
2456
2824
1707
5334
1708
5335
1901
4895
1940
3691
1941
3692
1540
2016
1619
3718
2902
2918
2903
2919
3027
4450
1499
2065
2789
1619
5053
2878
3537
1729
1966
2148
1422
1518
2672
2290
3162
1560
1736
4270
3114
4959
4557
1739
1918
3729
1740
1919
3730
1585
4518
5541
1215
2023
3058
2024
3059
1231
3532
1232
3533
1329
2952
3122
1593
2905
4743
2906
4744
1440
2211
4257
2323
2718
1291
1493
3121
1679
2055
1680
2056
3219
4908
1858
2474
1263
1551
1821
1415
2136
5435
3864
1486
2263
4163
1545
2671
2080
5230
3464
4792
1644
5557
1639
1925
5135
1640
1926
5134
1491
3077
1492
3078
1567
1955
3005
1568
1956
3006
4479
3965
4582
2240
1410
1745
2517
2166
2215
3016
5404
5466
1791
3226
1732
1947
5012
1503
2541
1318
2424
2683
1319
2425
2684
4076
5209
1351
2045
2361
1645
3308
5213
2350
4505
2351
4506
1863
2947
1684
4277
5519
1257
2603
3816
1258
1658
2604
4575
1918
2038
1919
2039
4713
4770
5272
5502
5273
5503
3256
4242
3737
2781
1726
2460
1815
3439
1948
2184
1949
2185
1912
2316
5317
1682
2220
2839
2202
3035
1556
2021
5702
1557
2022
5703
1584
2697
5566
2199
4161
1716
4963
4964
1357
4326
1358
4327
2230
3269
1434
1714
4123
1968
2384
4596
1751
2534
4528
1327
1478
5068
3339
3560
1688
4037
1586
1676
1909
1939
5465
2395
2663
3550
1843
1511
3160
5285
2705
4764
2706
4763
1321
4141
1720
2605
4699
2574
3873
2575
3874
2239
2374
4522
2779
3280
1783
2282
1784
2281
1327
5540
1626
2223
2761
1627
2224
2762
5212
2146
2974
1386
2203
5690
1387
2204
5691
1718
1719
3178
3531
3685
1539
2632
5647
1859
2457
1592
1689
1939
2952
2981
2982
1362
2599
2730
2481
4199
2492
2977
1770
2547
5009
1598
2001
1599
2002
2373
2612
3451
5462
1641
4063
5169
1356
3641
1588
1371
3723
5564
1815
5638
3751
3811
2187
2310
5365
5758
2665
2150
4567
4472
5659
1449
4022
5776
1794
3515
1884
2115
3970
2451
1538
3062
1911
1396
2850
4065
5434
3750
4062
3346
3671
1785
1831
5278
1437
3583
5213
2373
2483
1552
2192
3980
1553
2193
3981
3755
4780
1697
1743
3277
2147
2975
3427
2976
3428
2063
1909
2744
4146
1582
1666
3968
1667
3969
1377
4164
4061
5387
2970
3305
2205
3259
3576
3839
3840
4146
4980
3305
3829
2172
4183
1934
3655
2371
3085
5115
2052
3282
1603
4923
2216
4420
2274
4485
5236
1704
2083
3873
1705
2084
3874
2665
2894
2666
2895
1843
5438
2040
2041
3198
4442
3199
4443
1607
1975
1604
2443
1699
3688
1950
4171
1839
2471
2900
3851
2516
4381
5313
1566
3936
4571
2355
2926
2971
4670
5481
2335
3386
3613
4204
3521
4575
3947
1548
1865
5457
5458
2088
4101
4554
1938
2438
3992
2263
3984
1816
3550
4746
4817
3210
2083
3127
2084
3128
3056
3057
3349
4420
3542
3297
3945
2196
3109
3159
2284
2542
3296
1997
2184
2466
1998
2185
2467
1662
2271
1861
3686
2288
3267
2289
3268
3993
3315
4976
1490
1779
4583
3722
3757
1757
2203
3584
1758
2204
3585
2718
2294
3680
2295
3681
4677
5036
3496
2568
2738
2569
2739
2130
2348
3168
2131
2349
3169
1586
2626
4923
1846
4053
5430
3827
4954
2199
3594
1780
3867
5256
1512
3581
4046
1571
2477
3923
2529
5318
1541
4358
2710
3175
1922
1870
5346
1871
5347
1600
2583
5573
1601
2584
5574
5398
2113
3136
2114
3137
2025
2325
2291
1797
3754
3946
1776
1851
2512
3438
1625
2490
1894
3399
3606
1574
2442
3345
1671
2033
1670
2034
1756
2047
2308
2837
5114
2037
4126
1685
3429
3510
2143
2987
1650
4488
2555
3156
4925
2556
3157
4926
2862
5618
2863
5619
4320
2077
5537
2078
5536
3032
5095
1504
2915
2916
2317
2715
1744
2112
3804
1822
1978
2119
3051
5130
3052
5131
4558
4863
2156
2364
3093
2157
2363
3094
4248
5172
3375
1791
2284
2940
3517
2941
3518
2823
3891
3359
5358
3654
3965
2015
4791
3601
5201
1844
2163
1812
4233
5578
1651
2737
2777
3162
2682
4196
3264
4297
2107
3466
5253
2106
3465
5252
3103
3784
3119
5010
1593
1901
3817
3445
3864
4273
4274
2321
2322
2126
3122
2522
3293
5319
1768
1974
3999
1841
2999
2418
3246
5707
2239
4579
4104
4105
1981
2518
4124
3409
4643
4644
1745
2487
2669
4778
5626
2668
4777
5625
4490
4814
3335
3336
1777
3938
1860
2173
3912
4597
5719
4598
5720
2551
2674
2886
2080
3063
4478
4791
1945
1946
1755
5645
4400
5065
4742
2208
5474
2209
5475
2674
2821
1950
2144
3015
4323
1669
2235
5513
4570
1864
2020
4120
2231
2841
3036
2232
2396
3500
1866
3172
1867
3173
3645
5696
2831
5240
1655
5586
2537
4548
2283
2870
4738
5504
5294
5379
2445
1984
3680
4683
3681
4684
4950
4951
1802
5202
1803
5203
3553
3933
3554
3934
2354
2523
2626
5122
2546
5154
1957
2776
2970
2194
5151
2512
4071
1962
2096
2150
2568
5628
2569
5629
2641
2784
1895
4055
1896
4054
5288
5323
4732
4269
4790
3251
5370
3306
1893
3116
2725
3511
3781
2314
2315
4612
5569
3459
5769
2948
4724
2949
4725
1913
2044
2067
1713
2968
4477
1749
1990
5264
2586
5091
5669
2247
3959
5485
2248
3960
5486
2226
2446
3607
2227
2447
3608
1912
2233
2622
2997
1795
2005
2207
2006
2206
4497
5482
1800
1746
3107
5397
2413
2052
2655
1854
4681
1778
4078
4079
1869
2820
4203
4053
4258
1880
4747
1881
4748
4591
4593
3558
4329
4880
2585
3449
1663
1942
2888
1664
1943
2889
1969
2359
4511
2234
4571
3401
4254
3402
4255
1902
2465
4250
5495
5494
2019
3878
2458
3940
2017
3470
2018
3471
2380
4920
2381
4921
3345
4439
4371
4831
2236
4768
5414
5767
2290
2337
3879
2338
2339
1808
2310
3650
5095
2250
3053
2249
4305
3416
4329
2415
4182
4723
5041
2573
3041
3399
1763
2601
4716
3023
5371
3616
4018
2723
5677
2724
5678
1906
2500
4047
4495
5491
2298
4185
1711
2489
5193
2492
4711
1703
4125
5201
3992
4653
1934
2102
4614
2356
2100
2101
2246
3621
5641
4974
4975
1971
2277
1874
4491
4641
1966
2011
2898
3450
4226
4328
1760
4772
4982
3463
4195
1733
4556
2256
2257
3246
3247
2457
4495
2397
3619
3308
2123
4019
2124
4020
5465
3631
5103
3609
4005
2025
3944
3373
4113
3374
4114
2650
5121
4582
2306
2640
2305
2639
3016
2758
2760
5363
3239
4538
3240
4539
1954
2265
2834
2513
3703
3930
2029
3307
2554
2910
4194
4209
2330
4757
2646
3108
3430
4574
4695
5393
1850
2923
4220
1948
2732
4967
1949
2733
4966
2608
2476
3781
3248
4690
3249
4691
4284
3253
4361
5280
5281
2904
4400
4754
4916
3294
4200
3288
3796
3289
3797
3687
2032
4241
4311
3561
3047
5157
3048
5158
3335
3980
3336
3981
2442
4662
2225
3033
1951
2293
3817
4540
2729
3027
5442
4647
5680
4648
5679
2606
5105
2607
5104
3164
2379
4652
2241
5044
1794
2646
5376
1807
3319
1944
4045
4261
2302
2525
2303
2526
5386
3598
4629
1858
2336
3795
5024
1878
1879
3998
4880
2067
4227
3283
4128
2966
3215
2967
3216
3887
4988
1907
3519
2482
2504
2664
1964
4405
5123
1965
4406
5124
3746
5477
3064
3866
2818
4363
2388
3350
2389
3351
4371
4518
2790
2847
2746
3773
2703
2704
3648
3649
1954
3415
5396
5481
2061
3003
5619
2062
3002
5618
2170
2542
2202
3074
3138
2907
4129
2908
4130
2668
4671
4934
2669
4672
4935
1886
2816
3935
2743
2085
5741
2275
2803
3231
3261
4497
3130
3604
5449
2617
3282
5316
3327
5308
3328
5309
2667
2817
1931
3211
2793
5059
2794
5060
1890
2145
2764
3654
4798
2396
2670
4713
3214
2283
4694
4757
4482
2343
2654
3107
4280
5120
2308
3474
1868
3155
2689
2690
2522
3536
1932
4233
2495
4376
2496
4377
2073
3081
4519
2074
3082
4520
2235
3276
1930
2377
5681
2281
3337
2282
3338
2306
3920
2305
3921
2242
2344
2243
2345
2008
2875
3009
2007
2876
3010
4521
3131
3302
1887
4289
2154
3612
2123
2614
3487
2124
2613
3488
3286
3822
3823
1957
4065
4122
4337
3980
5536
3981
5537
2048
2497
5592
2049
2498
5593
2175
2787
2176
2788
4078
2478
3671
2174
3024
4737
2447
5474
2446
5475
1971
3481
2287
2615
3098
2499
3637
4677
1922
4441
2582
4824
2792
3132
2393
3677
5623
2660
3011
2661
3012
2363
2683
2981
2364
2684
2982
3043
3888
2783
2954
3354
2420
3020
2421
3021
2776
3252
2361
4260
2044
2621
3620
5652
2716
2249
5038
2304
3224
4461
2488
2931
5441
2115
2590
2716
3211
2633
5184
2634
5185
4338
4339
3368
3915
3916
2118
4614
2790
2235
2571
2616
3598
4446
2627
5653
2628
5654
5402
2610
3324
2611
3325
2727
2928
4660
2728
2929
4661
2119
4576
2521
3297
4119
2017
5407
2018
5408
3677
2536
2566
5655
2549
4342
2311
5020
2805
5223
2806
5224
3926
2672
4802
2013
3090
2014
3091
2112
3884
2037
2829
2096
4012
4567
2857
2642
2858
1999
5483
3745
5269
1987
1988
1995
2144
4182
4013
4843
2130
2915
2131
2916
2772
3002
2773
3003
2331
2531
2219
4640
4662
3725
5405
3726
5406
4081
5596
2195
3814
5048
5049
2636
4683
5412
2637
4684
5413
2422
5116
2423
5117
2127
2680
2128
2681
2509
2884
2520
5261
3133
2693
2761
3434
2762
3435
2609
4270
2172
4100
3236
3235
3075
2482
3838
3257
3258
2708
4154
2709
4155
5092
2463
2958
3037
2464
2959
3038
2653
5179
2170
3296
2460
3272
5456
2961
3396
4192
3080
5292
3079
5293
2434
3239
4143
2435
3240
4144
4581
3069
3729
3070
3730
2200
3584
2201
3585
3198
5664
3199
5665
4673
2510
2564
4822
5166
3709
3710
3431
4349
3180
4888
2617
3457
5252
3458
5253
3544
3545
2171
3170
5658
4775
5660
4776
5661
2598
2676
4122
3909
3908
2493
2810
2311
2937
4332
2337
2340
3535
4395
2501
5069
5392
2328
2844
2893
2860
3522
2643
2911
3520
3528
2427
5207
2428
5208
2486
2625
3256
3750
4667
4666
2662
2778
3174
4708
2689
2913
3090
2690
2914
3091
2644
2645
3339
5663
2179
2727
4524
2180
2728
4525
4902
5093
2796
3056
2797
3057
2559
2726
2815
2643
4632
2202
2386
2494
2671
5023
3653
3936
2168
4620
2352
5125
5165
3154
3376
2140
2141
2118
3380
3206
4873
4898
3207
4874
4899
2939
3279
4271
4876
4272
4877
5448
2356
2920
3562
3130
4480
5298
2245
3065
5504
3424
2882
2883
3967
2399
2935
4344
2400
2936
4345
3326
3884
2753
2880
2754
2881
2236
2274
3118
2545
4430
4832
2167
2162
2404
2161
2403
2638
3160
2495
2496
3206
3390
3207
3391
2438
2493
4908
2673
2148
4444
5592
5593
2309
2631
2715
3242
3819
3243
3820
5193
4712
5448
3302
4384
2699
2917
4083
5506
2394
2655
3395
2276
2685
3164
2312
3871
3996
2313
3872
3997
2537
5545
3665
3736
4543
4971
4542
4972
3898
5291
2212
2694
5573
2213
2695
5574
2188
2189
2451
3226
2813
3385
3535
2181
4078
4895
3653
3293
3506
3976
5006
2290
3410
2685
3899
3693
2330
3865
2927
4280
2811
4911
2812
4912
2437
3034
4187
2529
3389
5552
4350
4351
4400
4649
3141
2822
2910
4292
4291
2594
4656
2589
4059
2391
4861
2392
4862
2547
2925
4045
3983
2334
2333
3643
5290
5419
5426
3135
4800
2790
4021
2300
3234
3269
2570
2281
5104
2282
5105
5673
5674
3381
5115
2648
2684
2649
2683
3959
5267
3960
5268
2379
5086
3524
4034
2713
4827
2714
4828
3095
3616
3936
2222
4815
4816
3313
5192
2870
4990
2823
5541
2687
4636
2285
2286
2939
5085
3366
3407
3367
3408
2301
3393
2659
2825
3605
4411
3320
5272
3321
5273
3900
2557
2278
3792
4753
2280
3404
3866
3865
3469
4266
2476
4408
2928
4524
2929
4525
2262
2508
4371
2741
2504
5695
3802
5353
3803
5354
4121
2336
2560
4405
5361
4406
5362
2603
2604
3194
2525
3397
2526
3398
2700
2817
3767
3212
5194
3213
5195
2500
3083
2943
4518
5042
5186
3539
5580
2362
2319
3168
2320
3169
2640
4174
2639
4175
2692
3496
3493
3524
2342
3042
4005
2775
4312
4604
3378
3445
2508
4398
4831
2390
3550
4023
3384
3857
3858
5126
3037
3237
3038
3238
3452
3844
2402
4396
5276
2834
4348
5301
5302
2375
4528
5013
4917
5379
4556
4850
2945
4479
2499
3284
4733
5012
3678
5372
3679
5373
2325
5143
2869
2868
2479
3254
3860
4034
4409
3722
2835
5711
2836
5710
2787
5248
2788
5249
2490
4455
3089
3229
4075
3854
3855
3669
3670
4584
2602
2791
3333
4321
2360
2663
4881
4808
5521
3204
3785
2331
3044
3493
4124
4312
3152
3153
2474
2755
2809
4325
3544
3545
2985
3416
2390
3546
4976
4440
3092
5004
4417
4418
3948
5533
2408
3800
3801
4403
4404
4573
2697
3777
4176
3568
5271
5146
2416
3529
4029
2417
3530
4030
3281
2971
4607
3262
4303
5277
2422
2423
2636
2848
4344
2637
2849
4345
4365
4366
2652
3749
5152
2475
3277
4590
3912
5216
2783
3148
4540
3502
3792
4204
2509
4869
2597
3825
2721
2859
2721
3733
5601
3009
4152
4859
3010
4153
4858
2932
3461
2798
3277
3956
4484
2841
3774
2663
3327
3328
3543
4279
2489
3645
2926
3845
3223
4794
5141
3064
4136
2940
2941
2712
2795
4563
4473
4797
2811
3775
2812
3776
5075
2723
2805
3125
2724
2806
3126
3255
4532
2696
3543
5520
2595
2679
4320
2815
4460
5186
2524
2838
4288
3660
4023
3230
3510
2763
2579
3379
2445
5339
5607
5340
5608
4542
4543
4785
4786
2757
2505
5621
2506
5622
5070
5071
5459
3046
4210
4555
4938
4939
2964
2991
5120
2717
3519
3089
3158
3638
5035
4544
4680
2960
4947
2909
4571
4601
3311
3869
5612
3373
3374
3241
3462
3215
3347
4049
3216
3348
4050
2458
3026
5169
5251
3827
2521
2986
5152
2885
3717
3509
3084
3194
5142
3270
3711
3271
3712
3739
4538
3740
4539
3013
3055
2770
3350
2771
3351
4046
5061
4487
2559
3076
3514
2882
3904
2883
3905
3278
3382
3474
5082
3423
3053
2802
4434
3621
3502
3523
2750
4281
2707
4401
3635
4168
3567
3464
5567
4399
5106
2934
3942
3365
4276
2873
2874
5299
5300
5617
3017
4673
3770
4763
5633
3769
4764
5634
2678
5286
5287
3749
4210
4216
3531
3049
5127
3494
4343
5269
4652
2705
5204
2706
5205
3403
3492
4071
3877
5007
2735
3227
5291
3028
3749
2735
3562
4051
5093
3913
3914
3020
3047
5582
3021
3048
5583
3509
4033
4294
3067
3329
3489
4892
3490
4893
4726
4869
5472
3110
3996
5014
5666
3997
5015
5667
4343
5037
4949
5388
3631
3682
4092
3436
4677
3498
2825
5460
3461
2782
3555
2565
2700
2732
3836
2733
3837
3050
3667
4909
3668
4910
2692
3581
4846
5551
3255
5237
3647
4451
2627
3443
2628
3444
2780
5266
5112
5712
2658
3575
3795
3387
4108
2990
4011
2711
4330
2644
3446
2645
3447
2741
4420
5366
2894
3569
4617
2895
3570
4618
3378
2804
3978
4562
2946
5546
2890
3174
2694
3648
2695
3649
3205
3429
4719
2821
4808
4949
3859
4737
3925
4476
2618
3542
3582
2835
4055
5282
2836
4054
5283
3835
5338
2846
3702
2677
2934
3609
4290
4349
2734
3189
3190
4767
5599
4043
4861
4042
4862
4998
5510
2638
3407
3408
3262
4053
4657
5421
4658
5422
3485
4269
3636
3451
3577
4629
3221
3596
3222
3597
2838
3718
2955
2992
2767
3183
4339
2768
3184
4338
2917
4242
4742
5745
5746
3831
4989
2631
2763
4490
3121
4735
4875
3472
3473
4559
4940
2935
2936
2731
3304
3303
3029
3108
4131
3251
3596
3597
4368
3121
4497
4730
2892
5134
2891
5135
4478
4733
2980
3658
3763
4356
2759
3825
5397
4068
4235
5400
4236
5401
3983
4062
4467
5577
3933
3934
4148
5600
3860
5257
3453
3454
3285
3979
5161
5162
3799
5075
2965
4119
3019
5164
2747
3256
3652
3675
2901
5624
3542
5257
3804
3337
3338
3492
2979
3403
2857
3485
3644
4196
2832
2833
3661
3862
4040
2698
3088
3300
4929
3228
3334
5100
3412
3423
4969
2722
3971
4232
5017
5018
4282
4283
3104
3363
3364
3311
3903
3383
3437
4039
3291
3292
5279
3586
3007
4470
3008
4471
3272
3186
5425
5788
5789
4141
5404
5308
5309
4323
4082
5632
2764
4680
3525
3526
2774
2920
3516
3541
3438
4544
3725
4685
3726
4686
3274
4203
3167
3187
4781
5150
5330
2977
3723
3386
3395
5367
5058
4551
4298
5700
4299
5701
5083
5084
2781
3301
2840
3161
3214
3295
3220
3117
3115
4009
4010
2847
3842
3990
3843
3991
3465
3743
3466
3742
2779
3707
5687
3000
3112
3001
3111
4027
4028
2791
3724
2818
3830
4640
3343
3993
3442
4186
5718
3385
4577
4070
5479
3412
2942
4773
2989
3326
3049
3523
3805
4660
4661
3879
4389
2923
5030
5384
5385
4116
4931
3564
3565
3930
4869
3024
3859
2878
4164
2808
4601
3226
3883
3685
4756
3614
3615
3016
4270
2840
4908
2875
2876
3833
4687
2820
3698
5045
4532
2980
4846
3411
4138
3349
3778
5171
5590
3343
3695
5403
2853
2869
4262
2854
2868
4263
4482
4603
3155
3265
3982
4325
4300
4610
5513
5762
5761
3583
4700
4213
3204
3463
3811
3060
3731
4995
3061
3732
4996
2969
3994
3131
3388
5637
5196
5197
2911
4698
3635
4364
3618
4195
3770
4960
3769
4961
3074
3497
3511
4915
3333
4922
3272
3685
5145
4794
4157
4498
4158
4499
3715
4421
5534
3716
4422
5535
3120
3170
5713
3019
3340
5100
3660
3086
3191
4238
3087
3192
4239
2915
3564
2916
3565
4207
4208
3075
3379
5262
4944
4995
4996
4815
4816
5013
3962
3411
4595
3452
3664
4073
4074
4186
4785
4786
4704
3453
3454
3010
3812
3009
3813
4037
4279
3340
4293
2998
4334
5668
5138
5139
5065
5094
4049
4050
3011
4246
3012
4247
4439
4720
4177
3116
3029
4064
4240
3610
3761
3611
3762
3147
3060
3061
5043
3086
4657
4972
3087
4658
4971
3310
3400
3436
3368
5773
4355
2947
4330
5078
5079
3046
3741
5364
5106
4354
3275
3795
3330
3360
3361
2992
3630
2993
3460
3286
3705
3706
4240
5588
3540
3151
5345
4946
5542
3437
4009
4010
4512
5321
3638
4704
3356
3619
3768
4012
5088
4181
3179
4002
3639
3729
3640
3730
3644
3995
3096
3455
3097
3456
3394
3442
3409
4954
3892
5175
3893
5176
4290
3632
4973
3704
4997
3954
4267
3955
4268
3334
3071
3571
3072
3572
3688
3371
3469
4170
3307
5515
3831
3591
3592
3604
4048
5445
4202
4329
3307
4832
3260
4709
5183
3380
4102
3224
3783
3506
4280
4703
3754
5024
4014
4129
5196
4015
4130
5197
3200
3580
3655
3699
4170
3068
5714
4147
4769
4706
5405
4705
5406
4617
4618
5068
5324
5325
5059
5128
5060
5129
3298
3299
3423
4631
3826
4229
4503
4916
4514
4557
4492
5116
5117
4863
5566
3064
3787
4066
3777
3084
3150
3393
3107
5326
4831
3212
3974
3213
3975
3150
3632
3286
3481
4504
3956
4954
3751
4331
4498
4499
3073
3115
4940
3417
3661
4968
3606
3180
3541
4930
3263
3826
3505
3536
4216
4238
4239
4151
3603
3517
4878
3518
4879
5191
4477
5433
4549
4111
4314
4112
4315
4359
4360
3646
5179
5022
5121
4738
3312
3534
3388
3659
5706
3189
3908
3190
3909
3427
3428
3627
4052
3378
4688
4721
5299
5300
3217
3218
5671
5728
5672
5729
5542
3515
4513
5350
5351
3721
4184
5050
5051
5436
3401
5111
3402
5110
4018
3624
4957
3625
4956
3399
3369
3503
3370
3504
3856
4169
4602
5363
3562
3619
4093
3156
5001
5063
3157
5002
5064
3149
4507
3114
5417
4552
4553
3142
3575
3900
3220
5295
4945
3910
4653
5427
5576
3779
5699
3489
5202
3490
5203
3559
5743
3560
5744
3596
3597
3501
4613
3684
5539
3540
4826
4041
5506
3274
4454
4636
3682
4086
3545
3544
4276
3217
4208
3218
4207
5352
5398
3983
3443
3525
3444
3526
3599
3985
5443
3600
3986
5444
3641
3880
4103
4545
3987
4201
4466
3362
5383
4934
5382
4935
5381
5391
4126
4458
4459
4922
4581
3949
3410
4555
5097
3676
4387
5432
3741
4191
3349
3521
4376
4377
3287
3330
4439
3322
4031
3323
4032
5523
4137
4300
3610
5050
3611
5051
3642
3988
4016
4235
4017
4236
3402
5110
3401
5111
3650
3528
3753
5261
3764
4542
5116
4543
5117
3253
4048
5511
3828
4318
4891
3551
4991
3552
4992
5754
5755
4365
4883
4366
4884
3737
4004
4057
4973
3510
3889
3890
3446
3689
3447
3690
3261
4414
4071
3278
4751
4752
3436
4230
3700
4267
3701
4268
3794
4072
3580
3396
3741
4860
5099
3768
4093
3760
4527
3982
4067
3868
4484
3413
5241
5683
3414
5242
5682
3782
5610
3366
3367
3739
3740
4925
5001
4926
5002
3517
4273
3518
4274
4547
3387
4715
4727
5763
4728
5764
3400
4164
5295
3313
5459
5320
3265
3824
4209
3512
4805
3513
4806
4139
4787
3486
4415
4488
3524
4257
5005
5087
3536
3312
3534
4157
4335
4158
4336
5076
4024
4025
3417
5042
4277
5024
5584
3949
4038
3588
4469
4342
3492
5610
4110
4526
3837
4966
3836
4967
3362
5000
5125
3331
4470
3332
4471
3394
5250
3618
4602
3870
4210
3589
4014
3590
4015
3666
3919
3863
3922
3388
3553
4090
3554
4091
4213
4795
5336
5521
3798
4107
4592
3377
3999
4656
3546
3953
4044
3806
3996
5128
3807
3997
5129
4256
3916
3915
4301
4761
4302
4762
5200
3775
3776
3738
4720
4810
4811
4636
3467
5046
5047
3812
3813
5356
3767
3432
4179
5017
3433
4180
5018
3372
3431
4145
4855
5175
5176
3847
3846
3555
3720
5581
3495
5322
4969
5560
3702
4193
4392
4794
4390
4932
4391
4933
4531
5019
5531
5532
5003
3894
4335
3895
4336
4075
4771
4406
4405
5739
3589
3590
4968
4611
5325
5324
3937
4894
3613
4393
4965
5264
4547
3655
4200
5216
3617
4037
3870
4793
4547
3674
3727
3728
3642
3757
4410
3499
5073
3678
3679
5262
5215
4896
3839
4104
3840
4105
3727
3728
5307
4449
4569
5733
5732
4264
4510
4067
3868
5260
3477
4577
4285
4367
4423
3932
4102
3491
4281
4984
3773
3862
3624
4211
4560
3625
4212
4561
3558
5414
5771
5094
3691
4474
3692
4475
5050
5051
4375
4853
3787
4115
3881
4042
3882
4043
3662
3663
4768
3700
3701
3664
3793
3651
3963
3628
4566
5102
4016
5070
4017
5071
3465
3591
3466
3592
5742
4328
4424
4150
3971
3864
4108
4167
5379
4885
4244
4751
4245
4752
3599
3990
3600
3991
3815
4097
4358
5759
4579
4905
5150
5266
3629
3804
5277
3731
4892
3732
4893
4258
3683
4195
4602
4359
4724
4360
4725
5007
3586
4409
4019
5351
4020
5350
3765
3766
4551
4843
4182
3784
4003
4058
5037
4069
5442
5492
5717
5442
4231
4453
3898
4190
3824
4388
4737
3806
5059
3807
5060
4224
4024
5616
4025
5615
4231
5356
5163
4423
4927
4409
3753
4759
3698
4944
5423
3653
4251
4275
5274
5275
4306
4307
5464
4924
3851
4959
4362
4510
4885
3574
4106
4896
4066
4023
4159
4308
4584
5232
3894
4154
3895
4155
4659
3672
4519
5704
3673
4520
5705
3602
5697
5698
4045
4147
5013
3601
4125
4126
5068
4401
4536
4900
4537
4901
3892
3957
3893
3958
4004
4665
4875
3946
5488
3941
5008
3839
4534
3840
4535
4889
5016
3598
4609
5107
5108
5357
3603
3907
5445
5492
5749
5301
5302
5110
5111
4041
4060
4707
3917
4093
4437
4438
5416
3651
5558
4394
4051
4087
4256
3889
4113
3890
4114
4226
4316
4317
4846
5553
5031
3711
3712
4286
3952
4745
4288
5523
3861
3633
5014
5128
3634
5015
5129
4621
4622
4311
5437
3786
4823
3910
4527
3884
4303
4332
3973
4464
3968
5495
3969
5494
4500
3918
4257
4149
3908
5547
3909
5548
5411
4825
3752
4496
4930
3719
4469
4472
4678
5312
4168
5355
3721
3680
4508
5221
3681
4509
5222
3831
3899
5609
4990
5027
3901
5730
3902
5731
3932
4008
4754
4760
3669
3670
4134
4135
4755
4426
4775
4427
4776
4401
4668
4577
4793
5098
5113
5092
4217
4218
4507
5363
4483
4171
4723
3966
4573
5418
4633
4634
5562
5563
4243
4866
3778
4894
5136
3993
4287
4426
4519
4427
4520
4081
4968
5027
3954
3955
4337
4003
4857
4640
4344
4345
5549
3722
3911
4088
5384
4089
5385
5502
5503
3788
4690
3789
4691
4132
4624
4133
4625
4787
5488
4673
5265
4341
4432
4541
5360
5570
3889
3890
4562
4128
5016
4018
4465
5172
3744
3950
4378
4379
3852
4717
3853
4718
4814
4941
4549
4799
5038
5156
4474
4743
4475
4744
5069
4486
4188
4483
5439
4156
4264
4942
5383
3759
3929
4096
4162
5228
4566
4501
4502
3764
4765
4417
5138
4418
5139
4220
4541
3787
4228
4736
3952
4227
4701
3849
5278
3927
3928
5303
4526
4735
3906
4173
4294
4408
4059
4407
3887
4481
4070
4886
4887
4421
5259
4422
5258
5597
4757
4231
4721
3842
4898
3843
4899
3851
4430
3915
5337
4088
4089
4587
5750
4588
5751
5595
3871
3872
3850
4016
4621
5063
4017
4622
5064
3849
4641
5008
5044
5144
5314
4402
3877
3891
4369
4370
4253
4447
5265
4142
4779
3896
3888
4903
4353
5062
4948
5569
5772
3926
3999
4936
4937
3861
5142
5225
4873
4874
4635
5316
4355
4291
4292
4441
4347
4338
4339
4376
4633
4377
4634
4952
5656
4382
4383
5166
4835
4181
3949
4380
3984
4163
4414
3903
4550
4666
4667
4094
4309
5280
4095
4310
5281
4790
3917
5777
5250
4500
5581
4638
4785
4639
4786
4261
4769
4042
4886
5107
4043
4887
5108
4011
4423
4098
4326
4327
4157
4158
4612
5569
5740
5284
4340
4703
5725
5726
4920
4921
4096
4945
4057
4140
4630
4332
5212
4522
4084
4085
5747
4447
4904
5469
5133
5615
5132
5616
4380
4234
4840
4321
5469
4116
5437
4911
5308
4912
5309
4194
4494
4086
4092
4809
4246
4247
4275
4989
4297
5160
4348
3972
5021
5160
3951
5163
4120
4162
4194
4110
4434
5499
4035
4444
3995
5020
4275
4989
5331
5380
4077
4600
4198
5580
4375
5358
5433
5307
5175
5176
3970
4447
4324
5255
4938
4381
4939
4850
5072
4241
4476
4470
4471
4847
5489
5011
5170
4856
4127
5332
4774
5387
4224
4449
4947
4529
4530
5191
3998
4523
4493
4513
4864
4865
4184
4704
5035
4196
4983
4020
4019
4410
4632
5527
4412
4630
5039
5292
5040
5293
4035
4415
5322
4702
4984
4508
4509
4171
4237
4099
4161
4295
4296
4115
4736
5166
4617
4618
4501
4502
4761
4762
4173
5279
4191
4381
4250
4411
4046
4813
4681
4477
4566
5441
5606
4844
5403
4298
4299
4609
4615
5377
4533
4594
5435
4480
5589
4730
4814
4398
4626
5215
4445
4325
4399
4981
4163
4222
4823
4319
5538
4215
4435
4214
4436
4489
4669
5395
5074
4545
4649
5165
4575
5670
4242
4352
5093
5554
5555
4516
5573
4517
5574
4306
4307
4190
4999
5590
4467
5646
4682
4796
4148
4462
4889
4857
5088
4534
4535
4701
4745
4924
4959
4550
5149
5368
4278
5412
5413
4937
4936
5257
4407
4311
4476
4931
4433
4607
4881
4568
5008
4219
4232
4410
4578
4674
4347
4962
4676
4656
5264
4685
4686
4836
4963
4837
4964
4284
5371
4610
5461
4287
4941
4278
4627
4628
5006
5209
5327
4830
5247
4207
4752
4208
4751
4165
4166
4572
4985
4322
4616
4431
4969
4467
4354
4991
4992
4746
4854
5091
5352
4455
5154
4282
4516
4283
4517
4564
5768
5397
4322
4487
5217
5218
5027
4770
5031
4646
4485
4590
5120
4801
4480
5140
4546
4605
5498
4739
4663
4260
4488
5396
5394
5463
4362
4645
4548
5229
5512
5237
4863
5566
4277
4788
4465
4700
4446
4552
4705
4553
4706
5403
4456
5421
4457
5422
4765
5048
5049
4305
5425
5030
4610
4675
4320
4251
5424
4278
4450
4478
5155
4630
4824
5229
4448
5189
4364
4432
5077
5045
5082
5760
5234
5235
4665
4723
4387
4521
4623
4770
4858
5407
4859
5408
5200
4592
5321
5329
4289
4384
4544
4847
5514
4457
4971
4456
4972
5096
5430
4352
5477
5526
4521
4583
5028
5132
5029
5133
4599
4318
4897
4953
4885
5007
4718
4918
4717
4919
4878
4879
5172
4745
4353
4810
4811
5122
4526
5501
4596
4787
4554
5417
4966
4967
4826
5030
4696
5057
4697
5056
5170
5737
5738
4993
4994
4576
4615
4795
5525
4694
4758
5457
5458
4363
4429
4699
5276
5531
5532
4501
4502
4669
4623
4713
5613
4608
4675
4369
4370
4578
4445
5446
5455
4473
5479
4688
5609
5399
4591
5227
4364
4500
4481
4715
4902
4428
4446
4652
5296
5305
5297
5306
4882
5450
4711
4604
4512
4860
5026
5784
5118
5119
4412
4844
4637
4674
4903
4702
5464
5171
5438
4706
4906
4956
4705
4907
4957
4627
4628
4707
4848
5039
4849
5040
4680
4650
4876
5774
4651
4877
5775
4626
4611
5065
4454
5570
4900
4901
4419
4565
4788
5436
4645
5376
5101
5319
4681
4707
5419
4549
4631
5076
4563
4845
4492
5112
4444
4609
4700
5078
5079
4798
5550
4956
4957
4698
4483
4496
5395
4473
4946
5560
4823
5066
5067
4529
4530
4635
5461
4876
5252
4877
5253
5019
4915
4733
5365
5778
4614
5011
5109
5447
5478
5519
4692
4657
4658
4560
4621
4561
4622
4741
5011
4842
4594
5189
5610
4466
4619
5114
4485
4590
5009
5727
5147
5148
5476
5061
5113
5260
4503
5498
4616
5074
4730
4804
4708
5115
4726
5490
4802
5547
5548
4840
4620
5344
5001
5002
5301
5302
4710
4890
5329
4550
4854
4596
4711
4827
4828
5530
4825
4855
5517
5518
4646
4709
4579
4627
4628
4569
4798
4740
4840
5694
5428
5429
5600
4738
4582
4817
4565
4753
4942
4980
5467
5468
5565
5076
5782
5560
4802
4631
4662
5190
4872
5378
5000
4804
4952
4807
4944
5145
5462
5137
5589
4717
5243
4718
5244
4838
5786
4839
5787
4795
4834
5509
4782
4958
4915
4805
5028
4806
5029
4710
4822
5019
5113
5515
5692
4856
4955
5103
4829
5094
5291
5529
5213
4642
4922
5035
4801
5420
4685
4906
4686
4907
5044
5346
5347
4710
4862
4861
5419
4695
4758
4783
5157
4784
5158
5386
4653
5780
5779
4716
4918
5790
4919
5791
4950
5046
5310
4951
5047
5311
5411
4911
4912
5364
5032
5389
5561
5041
5282
5283
5220
5271
4729
5394
4851
5684
4852
5685
5240
5416
5025
5490
4866
4958
5221
5222
4702
4984
5516
5167
4886
4887
5036
5279
4855
4983
4933
5054
4932
5055
5020
5164
5358
5167
5440
4760
4766
5599
4740
4888
5352
5497
5097
5118
5119
5752
5753
5053
5510
4834
5168
5180
5380
4801
5006
5501
5284
5783
5304
5341
4853
5147
5148
5198
5517
5199
5518
4878
5194
5342
4879
5195
5343
4788
4833
5393
5380
4988
4848
4849
5205
5204
5364
4833
5369
4842
4928
5137
5074
4845
5359
4789
5052
4890
5290
5792
5793
5242
5470
5241
5471
4803
5153
4985
5004
5449
4796
4903
5576
4999
4943
5062
5479
5085
4882
5462
5431
5132
5133
4970
5456
5058
5156
5477
4827
4828
4979
5025
5037
5061
4920
4921
4854
5177
5274
5178
5275
5299
5507
5300
5508
5378
5228
4997
5137
5167
5463
4958
5390
5693
4909
5245
4910
5246
5207
5543
5208
5544
5075
5149
5337
5522
4965
5377
5041
5328
4993
4994
5639
5640
5476
5043
4873
4874
5180
5046
5089
5047
5090
4986
5451
5607
4987
5452
5608
5150
5270
4927
5434
4976
5540
4932
4933
5398
5143
5151
5026
5333
5202
5203
4949
5052
5333
5509
4937
4936
5522
4988
5023
5086
5405
5406
5467
5468
5014
5495
5716
5015
5494
5715
5463
5294
5514
5244
5243
5211
5262
5501
5101
5276
5219
5303
5193
5437
5312
5313
5169
5564
4985
5270
5256
4998
5505
5400
5401
5688
5190
5125
5345
5033
5721
5034
5722
5142
5095
5134
5187
5135
5188
5310
5384
5311
5385
5220
5226
5426
5010
5500
5434
5292
5293
5083
5084
5689
5551
5072
5173
5239
5326
5206
5492
5210
5200
5416
5080
5081
5022
5109
5230
5318
5153
5033
5034
5391
5708
5709
5154
5077
5596
5372
5373
5615
5616
5528
5355
5422
5421
5234
5235
5239
5319
5181
5248
5249
5147
5148
5770
5118
5119
5269
5254
5304
5527
5234
5400
5235
5401
5785
5613
5399
5159
5231
5153
5529
5112
5165
5107
5108
5317
5121
5214
5361
5409
5362
5410
5233
5247
5453
5280
5342
5281
5343
5160
5230
5248
5249
5290
5387
5491
5303
5565
5201
5515
5164
5174
5382
5470
5381
5471
5386
5497
5516
5304
5251
5360
5496
5181
5217
5602
5218
5603
5265
5420
5489
5323
5487
5357
5433
5443
5562
5444
5563
5404
5334
5340
5335
5339
5192
5237
5509
5221
5222
5651
5650
5254
5289
5642
5643
5332
5231
5359
5367
5371
5402
5530
5562
5563
5314
5586
5552
5446
5502
5447
5503
5315
5238
5454
5516
5609
5427
5298
5366
5374
5546
5418
5572
5766
5765
5428
5429
5294
5482
5375
5488
5572
5381
5535
5382
5534
5307
5326
5336
5528
5378
5485
5735
5486
5736
5330
5446
5447
5338
5388
5536
5537
5781
5407
5409
5408
5410
5320
5594
5315
5484
5370
5517
5518
5589
5334
5348
5335
5349
5554
5555
5461
5552
5500
5459
5527
5614
5474
5475
5441
5454
5453
5333
5439
5525
5395
5568
5451
5452
5375
5457
5458
5430
5476
5452
5451
5361
5543
5362
5544
5450
5478
5418
5795
5504
5568
5394
5481
5524
5579
5464
5445
5496
5557
5575
5644
5561
5399
5621
5622
5581
5531
5532
5794
5423
5559
5424
5538
5595
5439
5559
5432
5467
5468
5529
5588
5506
5449
5482
5539
5602
5603
5539
5514
5606
5498
5601
5577
5636
5472
5549
5520
5604
5605
5511
5571
5519
5525
5533
5526
5540
5556
5579
5723
5724
5524
5567
5584
5500
5564
5538
5575
5510
5592
5593
5594
5597
5580
5623
5528
5599
5600
5598
5578
5597
5570
5604
5605
5545
5617
5621
5622
5611
5620
5618
5619
5585
5553
5611
5612
5586
5601
5598
5588
5630
5596
5587
5607
5608
5591
5611
5612
5614
5614
5620
5623
5620
5646
5644
5696
5649
5700
5701
5671
5672
5689
5679
5680
5712
5702
5703
5771
5760
5728
5729
5750
5751
5778
5774
5775
5777
5784
5782
)


// ************************************************************************* //
